19 22 7 430 13 14 12 20323 1921 13138 1381831 4818 13
19 22 7 430 13 14 12 20323 1921 13138 1381831 4818 13
19 22 7 430 13 14 12 20323 1921 13138 1381831 4818 13
19 22 7 430 13 14 12 20323 1921 13138 1381831 4818 13
19 22 7 430 13 14 12 20323 1921 13138 1381831 4818 13
19 22 7 430 13 14 12 20323 1921 13138 1381831 4818 13
19 22 7 430 13 14 12 20323 1921 13138 1381831 4818 13
19 22 7 221 13 14 12 20323 1921 13138 1381831 4818 13
19 22 7 430 13 14 12 20323 1921 13138 1381831 4818 13
19 22 7 430 13 14 19 20323 1921 13138 1381831 4818 13
19 22 7 430 13 14 12 20323 1921 13138 1381831 4818 13
19 22 7 430 13 14 12 20323 1921 13138 1381831 4818 13
19 22 7 430 13 14 12 20323 1921 13138 1381831 4818 13
19 22 7 430 13 14 12 20323 1921 13138 1381831 4818 13
19 22 7 430 13 14 12 20323 1921 13138 1381831 4818 13
19 22 7 430 13 14 12 20323 1921 13138 1381831 4818 13
19 22 7 430 13 14 12 20323 1921 13138 1381831 4818 13
19 22 7 430 13 14 12 20323 1921 13138 1381831 4818 13
19 22 7 430 13 14 12 20323 1921 13138 1381831 4818 13
19 22 7 430 13 14 12 20323 1921 13138 1381831 4818 13
19 22 7 430 13 14 12 20323 1921 13138 1381831 4818 13
19 22 7 430 13 14 12 20323 1921 13138 1381831 4818 13
19 22 7 430 13 14 12 20323 1921 13138 1381831 4818 13
19 22 7 430 13 14 12 20323 1921 13138 1381831 4818 13
19 22 7 430 13 14 12 20323 1921 13138 1381831 4818 13
19 22 7 430 13 14 12 20323 1921 13138 1381831 4818 13